1	1	42	\N
1	2	30	\N
1	26	20	\N
2	1	40	\N
2	2	28	\N
2	3	18	\N
3	1	34	\N
3	2	22	\N
3	26	14	\N
4	1	34	\N
4	2	22	\N
4	26	14	\N
5	1	34	\N
5	2	22	\N
5	26	14	\N
6	1	34	\N
6	2	22	\N
6	26	14	\N
7	1	34	\N
7	2	22	\N
7	26	14	\N
8	2	40	\N
8	23	20	\N
9	2	35	\N
10	2	33	\N
10	8	18	\N
11	24	38	\N
11	2	15	\N
12	10	40	\N
12	26	20	\N
13	10	38	\N
13	2	16	\N
14	2	22	\N
14	8	20	\N
15	9	38	\N
15	8	25	\N
16	9	40	\N
16	26	20	\N
17	8	42	\N
18	7	30	\N
18	8	26	\N
19	8	40	\N
19	9	20	\N
20	25	36	\N
20	14	15	\N
21	26	40	\N
21	18	30	\N
22	26	38	\N
22	3	20	\N
23	3	42	\N
23	4	20	\N
24	11	44	\N
24	26	22	\N
25	12	36	\N
25	23	20	\N
26	4	44	\N
26	3	24	\N
27	6	44	\N
28	7	36	\N
28	2	20	\N
29	17	40	\N
30	5	44	\N
30	4	26	\N
31	8	38	\N
31	7	18	\N
32	18	46	\N
32	19	20	\N
32	20	16	\N
33	18	44	\N
33	17	20	\N
34	19	40	\N
34	18	24	\N
34	20	20	\N
35	13	42	\N
36	13	46	\N
37	13	44	\N
38	13	44	\N
38	19	16	\N
39	14	44	\N
39	15	20	\N
40	15	34	\N
40	14	20	\N
41	16	46	\N
41	15	18	\N
42	23	40	\N
42	16	18	\N
43	21	48	\N
44	21	46	\N
45	4	46	\N
46	5	46	\N
47	22	44	\N
47	26	18	\N
48	8	3	\N
