1	1	1	\N		0	\N	3
2	2	1	\N		0	\N	2
3	3	1	\N		0	\N	1
4	4	1	\N		0	\N	4
5	5	1	\N		0	\N	2
6	6	1	\N		0	\N	3
7	7	1	\N		0	\N	3
8	8	1	\N		0	\N	3
9	9	1	\N		0	\N	2
10	10	1	\N		0	\N	2
11	11	1	\N		0	\N	3
12	12	1	\N		0	\N	3
13	13	1	\N		0	\N	3
14	14	1	\N		0	\N	2
15	15	1	\N		0	\N	3
16	16	1	\N		0	\N	2
17	17	1	\N		0	\N	2
18	18	1	\N		0	\N	3
19	19	1	\N		0	\N	2
20	20	1	\N		0	\N	2
21	21	1	\N		0	\N	2
22	22	1	\N		0	\N	2
23	23	1	\N		0	\N	2
24	24	1	\N		0	\N	3
25	25	1	\N		0	\N	2
26	26	1	\N		0	\N	3
27	27	1	\N		0	\N	3
28	28	1	\N		0	\N	3
29	29	1	\N		0	\N	3
30	30	1	\N		0	\N	2
31	31	1	\N		0	\N	3
32	32	1	\N		0	\N	2
33	33	1	\N		0	\N	3
34	34	1	\N		0	\N	2
35	35	1	\N		0	\N	3
36	36	1	\N		0	\N	2
37	37	1	\N		0	\N	3
38	38	1	\N		0	\N	2
39	39	1	\N		0	\N	3
40	40	1	\N		0	\N	2
41	41	1	\N		0	\N	2
42	42	1	\N		0	\N	3
43	43	1	\N		0	\N	2
44	44	1	\N		0	\N	2
45	45	1	\N		0	\N	2
46	46	1	\N		0	\N	2
47	47	1	\N		0	\N	2
48	48	1	\N		0	\N	2
49	49	1	\N		0	\N	2
50	50	1	\N		0	\N	2
