1	1	38	\N
1	2	25	\N
2	1	38	\N
2	2	25	\N
3	1	38	\N
3	2	25	\N
4	1	33	\N
4	2	20	\N
5	1	33	\N
5	2	20	\N
6	1	5	\N
7	1	36	\N
7	3	15	\N
8	1	36	\N
8	3	15	\N
9	1	36	\N
9	3	15	\N
10	1	36	\N
10	3	15	\N
11	1	20	\N
12	1	30	\N
12	2	18	\N
13	1	30	\N
13	2	18	\N
14	1	30	\N
14	2	18	\N
15	1	30	\N
15	2	18	\N
16	1	30	\N
16	2	18	\N
17	1	30	\N
17	2	18	\N
18	1	30	\N
18	2	18	\N
19	1	30	\N
19	2	18	\N
20	1	30	\N
20	2	18	\N
21	1	30	\N
21	2	18	\N
22	1	30	\N
22	2	18	\N
23	1	30	\N
23	2	18	\N
24	1	30	\N
24	2	18	\N
25	2	40	\N
25	23	20	\N
26	2	40	\N
26	23	20	\N
27	2	40	\N
27	23	20	\N
28	2	35	\N
29	2	35	\N
30	2	35	\N
31	2	33	\N
31	8	18	\N
32	2	33	\N
32	8	18	\N
33	2	33	\N
33	8	18	\N
34	24	38	\N
34	2	15	\N
35	24	38	\N
35	2	15	\N
36	10	40	\N
36	26	20	\N
37	10	40	\N
37	26	20	\N
38	10	40	\N
38	26	20	\N
39	10	38	\N
39	2	16	\N
40	10	38	\N
40	2	16	\N
41	2	22	\N
41	8	20	\N
42	2	22	\N
42	8	20	\N
43	9	38	\N
43	8	25	\N
44	9	38	\N
44	8	25	\N
45	9	38	\N
45	8	25	\N
46	9	40	\N
46	26	20	\N
47	9	40	\N
47	26	20	\N
48	8	42	\N
49	8	42	\N
50	7	30	\N
50	8	26	\N
51	7	30	\N
51	8	26	\N
52	8	40	\N
52	9	20	\N
53	8	40	\N
53	9	20	\N
54	25	36	\N
54	14	15	\N
55	25	36	\N
55	14	15	\N
56	26	40	\N
56	18	30	\N
57	26	40	\N
57	18	30	\N
58	26	40	\N
58	18	30	\N
59	26	38	\N
59	3	20	\N
60	26	38	\N
60	3	20	\N
61	3	42	\N
61	4	20	\N
62	3	42	\N
62	4	20	\N
63	3	42	\N
63	4	20	\N
64	11	44	\N
64	26	22	\N
65	11	44	\N
65	26	22	\N
66	11	44	\N
66	26	22	\N
67	12	36	\N
67	23	20	\N
68	12	36	\N
68	23	20	\N
69	12	36	\N
69	23	20	\N
70	4	44	\N
70	3	24	\N
71	4	44	\N
71	3	24	\N
72	4	44	\N
72	3	24	\N
73	6	44	\N
74	6	44	\N
75	7	36	\N
75	2	20	\N
76	7	36	\N
76	2	20	\N
77	7	36	\N
77	2	20	\N
78	17	40	\N
79	17	40	\N
80	5	44	\N
80	4	26	\N
81	5	44	\N
81	4	26	\N
82	5	44	\N
82	4	26	\N
83	8	38	\N
83	7	18	\N
84	8	38	\N
84	7	18	\N
85	18	46	\N
85	19	20	\N
85	20	16	\N
86	18	46	\N
86	19	20	\N
86	20	16	\N
87	18	46	\N
87	19	20	\N
87	20	16	\N
88	18	44	\N
88	17	20	\N
89	18	44	\N
89	17	20	\N
90	19	40	\N
90	18	24	\N
90	20	20	\N
91	19	40	\N
91	18	24	\N
91	20	20	\N
92	19	40	\N
92	18	24	\N
92	20	20	\N
93	13	42	\N
94	13	42	\N
95	13	46	\N
96	13	46	\N
97	13	46	\N
98	13	44	\N
99	13	44	\N
100	13	44	\N
100	19	16	\N
101	13	44	\N
101	19	16	\N
102	14	44	\N
102	15	20	\N
103	14	44	\N
103	15	20	\N
104	14	44	\N
104	15	20	\N
105	15	34	\N
105	14	20	\N
106	15	34	\N
106	14	20	\N
107	16	46	\N
107	15	18	\N
108	16	46	\N
108	15	18	\N
109	23	40	\N
109	16	18	\N
110	23	40	\N
110	16	18	\N
111	21	48	\N
112	21	48	\N
113	21	46	\N
114	21	46	\N
115	4	46	\N
116	4	46	\N
117	5	46	\N
118	5	46	\N
119	22	44	\N
119	26	18	\N
120	22	44	\N
120	26	18	\N
