1	1	38	\N
1	2	25	\N
2	1	33	\N
2	2	20	\N
3	1	5	\N
4	1	36	\N
4	3	15	\N
5	1	20	\N
6	1	30	\N
6	2	18	\N
7	1	30	\N
7	2	18	\N
8	1	30	\N
8	2	18	\N
9	1	30	\N
9	2	18	\N
10	1	30	\N
10	2	18	\N
11	2	40	\N
11	23	20	\N
12	2	35	\N
13	2	33	\N
13	8	18	\N
14	24	38	\N
14	2	15	\N
15	10	40	\N
15	26	20	\N
16	10	38	\N
16	2	16	\N
17	2	22	\N
17	8	20	\N
18	9	38	\N
18	8	25	\N
19	9	40	\N
19	26	20	\N
20	8	42	\N
21	7	30	\N
21	8	26	\N
22	8	40	\N
22	9	20	\N
23	25	36	\N
23	14	15	\N
24	26	40	\N
24	18	30	\N
25	26	38	\N
25	3	20	\N
26	3	42	\N
26	4	20	\N
27	11	44	\N
27	26	22	\N
28	12	36	\N
28	23	20	\N
29	4	44	\N
29	3	24	\N
30	6	44	\N
31	7	36	\N
31	2	20	\N
32	17	40	\N
33	5	44	\N
33	4	26	\N
34	8	38	\N
34	7	18	\N
35	18	46	\N
35	19	20	\N
35	20	16	\N
36	18	44	\N
36	17	20	\N
37	19	40	\N
37	18	24	\N
37	20	20	\N
38	13	42	\N
39	13	46	\N
40	13	44	\N
41	13	44	\N
41	19	16	\N
42	14	44	\N
42	15	20	\N
43	15	34	\N
43	14	20	\N
44	16	46	\N
44	15	18	\N
45	23	40	\N
45	16	18	\N
46	21	48	\N
47	21	46	\N
48	4	46	\N
49	5	46	\N
50	22	44	\N
50	26	18	\N
